89
4 5.96
3 8.46
4 2.19
4 7.47
3 7.64
3 1.69
4 7.12
3 3.32
4 0.67
3 5.20
3 6.64
4 6.98
3 1.09
4 3.06
4 7.21
3 2.04
4 0.60
3 9.11
3 6.70
3 9.64
4 4.59
3 0.99
4 4.04
3 4.19
3 0.41
3 6.81
4 5.34
4 3.08
4 9.72
3 3.34
3 1.54
3 8.93
3 3.96
4 2.26
3 0.34
4 6.65
4 6.28
4 0.35
3 0.44
4 9.93
4 0.60
3 7.61
3 4.51
4 0.14
3 8.50
4 8.67
3 6.19
4 9.44
3 3.16
4 1.20
4 2.72
4 9.30
4 6.79
4 3.91
4 2.24
4 8.51
4 9.56
3 9.20
3 2.20
4 9.91
4 7.25
4 5.36
4 4.03
4 3.33
3 8.44
3 1.21
3 3.43
3 4.94
3 6.37
3 5.52
4 9.26
3 6.12
4 9.43
3 3.58
3 1.15
3 2.33
3 1.27
4 2.47
3 9.54
3 3.87
3 7.81
4 7.97
4 8.32
4 6.79
4 0.69
3 9.42
4 6.00
3 0.83
3 4.79
