35

19027.00
3.00
21

13340.00
4.00
12

619.00
0.00
11

17990.00
4.00
1

6470.00
0.00
2

27316.00
0.00
6

15579.00
3.00
6

28392.00
3.00
4

8001.00
0.00
7

23950.00
4.00
7

7486.00
0.00
15

24251.00
2.00
17

896.00
1.00
19

31355.00
4.00
15

528.00
2.00
7

13640.00
3.00
16

20762.00
2.00
15

22058.00
2.00
14

15141.00
2.00
14

29876.00
2.00
2

76.00
0.00
18

16677.00
2.00
3

8984.00
0.00
7

25424.00
1.00
20

31495.00
1.00
2

23826.00
0.00
9

12786.00
4.00
21

9089.00
2.00
19

26813.00
4.00
21

11814.00
4.00
14

29982.00
1.00
4

7634.00
1.00
8

19815.00
0.00
0

25836.00
1.00
22

6284.00
0.00
21
